06   0  4579429  4527014  4631844 11.8 11.7 11.9  1210041  1179294  1240788 14.6 14.2 15.0   881403   854292   908514 14.2 13.8 14.6 100130  99750 100510  296490  282025  310955 14.7 14.0 15.4 California                                    CA est24-ca.txt 07JAN2026
06   1   142324   130410   154238  8.8  8.1  9.5    24998    19695    30301  8.0  6.3  9.7    16854    12589    21119  7.3  5.4  9.2 128031 124696 131366                                        Alameda County                                CA est24-ca.txt 07JAN2026
06   3      173      130      216 15.8 11.8 19.8       44       30       58 26.2 17.6 34.8       30       19       41 23.8 14.9 32.7  74440  65383  83497                                        Alpine County                                 CA est24-ca.txt 07JAN2026
06   5     4082     3122     5042 10.8  8.3 13.3      831      565     1097 12.9  8.8 17.0      577      361      793 12.2  7.7 16.7  85625  78787  92463                                        Amador County                                 CA est24-ca.txt 07JAN2026
06   7    38330    34520    42140 18.7 16.8 20.6     8519     6811    10227 20.7 16.5 24.9     5450     4007     6893 17.6 12.9 22.3  65143  61668  68618                                        Butte County                                  CA est24-ca.txt 07JAN2026
06   9     5302     4082     6522 11.5  8.9 14.1     1136      753     1519 14.4  9.6 19.2      811      504     1118 13.7  8.5 18.9  79852  71190  88514                                        Calaveras County                              CA est24-ca.txt 07JAN2026
06  11     2988     2432     3544 13.6 11.1 16.1      883      626     1140 15.3 10.9 19.7      653      450      856 14.9 10.3 19.5  69149  61521  76777                                        Colusa County                                 CA est24-ca.txt 07JAN2026
06  13    99140    87724   110556  8.5  7.5  9.5    23903    19540    28266  9.6  7.8 11.4    17612    14236    20988  9.4  7.6 11.2 126787 123762 129812                                        Contra Costa County                           CA est24-ca.txt 07JAN2026
06  15     4879     3865     5893 19.9 15.8 24.0     1353      969     1737 25.2 18.0 32.4      934      615     1253 23.0 15.1 30.9  58773  52223  65323                                        Del Norte County                              CA est24-ca.txt 07JAN2026
06  17    15224    12677    17771  7.9  6.6  9.2     2896     2098     3694  8.0  5.8 10.2     2135     1505     2765  7.6  5.4  9.8 107289 100197 114381                                        El Dorado County                              CA est24-ca.txt 07JAN2026
06  19   183233   170377   196089 18.2 16.9 19.5    69750    63515    75985 25.5 23.2 27.8    50322    45125    55519 24.5 22.0 27.0  74244  71384  77104                                        Fresno County                                 CA est24-ca.txt 07JAN2026
06  21     4362     3526     5198 15.5 12.5 18.5     1523     1145     1901 20.9 15.7 26.1     1103      800     1406 20.1 14.6 25.6  66061  58986  73136                                        Glenn County                                  CA est24-ca.txt 07JAN2026
06  23    23414    20140    26688 18.0 15.5 20.5     4170     2924     5416 17.7 12.4 23.0     2978     1971     3985 16.9 11.2 22.6  58960  55467  62453                                        Humboldt County                               CA est24-ca.txt 07JAN2026
06  25    32679    28312    37046 18.8 16.3 21.3    12554    10163    14945 25.1 20.3 29.9     9050     7172    10928 23.8 18.9 28.7  60477  57095  63859                                        Imperial County                               CA est24-ca.txt 07JAN2026
06  27     2036     1583     2489 11.2  8.7 13.7      529      357      701 14.8 10.0 19.6      381      244      518 13.9  8.9 18.9  73402  66438  80366                                        Inyo County                                   CA est24-ca.txt 07JAN2026
06  29   168192   158170   178214 18.6 17.5 19.7    62053    56417    67689 24.5 22.3 26.7    46290    41847    50733 24.0 21.7 26.3  71295  69375  73215                                        Kern County                                   CA est24-ca.txt 07JAN2026
06  31    20054    16017    24091 14.4 11.5 17.3     6957     4988     8926 17.3 12.4 22.2     5138     3568     6708 17.3 12.0 22.6  71731  66916  76546                                        Kings County                                  CA est24-ca.txt 07JAN2026
06  33    13225    11065    15385 19.7 16.5 22.9     3800     2931     4669 26.3 20.3 32.3     2936     2243     3629 27.0 20.6 33.4  55489  49867  61111                                        Lake County                                   CA est24-ca.txt 07JAN2026
06  35     3975     3157     4793 17.2 13.7 20.7      895      661     1129 17.1 12.6 21.6      624      430      818 16.1 11.1 21.1  68185  62359  74011                                        Lassen County                                 CA est24-ca.txt 07JAN2026
06  37  1275042  1235370  1314714 13.3 12.9 13.7   315526   297108   333944 16.5 15.5 17.5   234272   220172   248372 16.2 15.2 17.2  90757  90046  91468                                        Los Angeles County                            CA est24-ca.txt 07JAN2026
06  39    28069    23941    32197 17.7 15.1 20.3    11196     9203    13189 26.0 21.4 30.6     8089     6492     9686 25.0 20.1 29.9  71161  66984  75338                                        Madera County                                 CA est24-ca.txt 07JAN2026
06  41    24744    21572    27916  9.9  8.6 11.2     4541     3713     5369  9.6  7.8 11.4     3457     2836     4078  9.5  7.8 11.2 145395 136274 154516                                        Marin County                                  CA est24-ca.txt 07JAN2026
06  43     2544     1997     3091 15.1 11.9 18.3      568      382      754 19.6 13.2 26.0      415      259      571 18.9 11.8 26.0  68424  61041  75807                                        Mariposa County                               CA est24-ca.txt 07JAN2026
06  45    11834     9655    14013 13.4 10.9 15.9     3026     1947     4105 16.9 10.9 22.9     2137     1254     3020 15.8  9.3 22.3  67303  61166  73440                                        Mendocino County                              CA est24-ca.txt 07JAN2026
06  47    53243    47303    59183 18.4 16.3 20.5    19483    16536    22430 24.0 20.4 27.6    14412    12113    16711 23.3 19.6 27.0  65325  62222  68428                                        Merced County                                 CA est24-ca.txt 07JAN2026
06  49     1435     1062     1808 17.1 12.6 21.6      393      267      519 25.6 17.3 33.9      285      181      389 24.1 15.3 32.9  57390  50698  64082                                        Modoc County                                  CA est24-ca.txt 07JAN2026
06  51     1261      940     1582  9.8  7.3 12.3      242      164      320 10.8  7.3 14.3      171      109      233 10.2  6.5 13.9  91667  82098 101236                                        Mono County                                   CA est24-ca.txt 07JAN2026
06  53    57594    50099    65089 13.7 11.9 15.5    19290    15621    22959 18.0 14.6 21.4    12546     9546    15546 15.7 11.9 19.5  91761  88096  95426                                        Monterey County                               CA est24-ca.txt 07JAN2026
06  55    10112     7937    12287  7.8  6.1  9.5     2011     1364     2658  8.3  5.6 11.0     1398      887     1909  7.5  4.7 10.3 116139 109974 122304                                        Napa County                                   CA est24-ca.txt 07JAN2026
06  57     9710     7705    11715  9.6  7.6 11.6     2101     1440     2762 12.6  8.6 16.6     1530      988     2072 12.0  7.8 16.2  98873  93296 104450                                        Nevada County                                 CA est24-ca.txt 07JAN2026
06  59   303988   283510   324466  9.7  9.0 10.4    71924    62793    81055 11.4 10.0 12.8    52908    46432    59384 11.1  9.7 12.5 114858 112952 116764                                        Orange County                                 CA est24-ca.txt 07JAN2026
06  61    29451    25547    33355  6.8  5.9  7.7     5709     4314     7104  6.3  4.8  7.8     3909     2764     5054  5.5  3.9  7.1 115845 110256 121434                                        Placer County                                 CA est24-ca.txt 07JAN2026
06  63     2426     1871     2981 13.0 10.0 16.0      543      367      719 17.8 12.0 23.6      394      252      536 16.6 10.6 22.6  72068  64045  80091                                        Plumas County                                 CA est24-ca.txt 07JAN2026
06  65   243691   222835   264547  9.8  9.0 10.6    65516    54542    76490 11.3  9.4 13.2    46539    38037    55041 10.6  8.7 12.5  92611  90650  94572                                        Riverside County                              CA est24-ca.txt 07JAN2026
06  67   191299   178075   204523 12.0 11.2 12.8    56067    48839    63295 15.8 13.8 17.8    40532    34868    46196 15.4 13.3 17.5  93331  90764  95898                                        Sacramento County                             CA est24-ca.txt 07JAN2026
06  69     5952     4582     7322  8.7  6.7 10.7     1715     1193     2237 10.2  7.1 13.3     1275      858     1692 10.1  6.8 13.4 109002 100761 117243                                        San Benito County                             CA est24-ca.txt 07JAN2026
06  71   274258   253795   294721 12.6 11.7 13.5    89283    78844    99722 16.6 14.7 18.5    67908    60330    75486 16.7 14.8 18.6  87665  85790  89540                                        San Bernardino County                         CA est24-ca.txt 07JAN2026
06  73   322284   300342   344226 10.1  9.4 10.8    73859    63573    84145 11.2  9.6 12.8    52545    44944    60146 10.8  9.2 12.4 108754 107258 110250                                        San Diego County                              CA est24-ca.txt 07JAN2026
06  75    91949    85141    98757 11.3 10.5 12.1    10717     7727    13707  9.8  7.1 12.5     7720     5404    10036 10.1  7.1 13.1 137184 132228 142140                                        San Francisco County                          CA est24-ca.txt 07JAN2026
06  77   104115    93401   114829 12.9 11.6 14.2    34584    29493    39675 17.0 14.5 19.5    24633    20878    28388 16.0 13.6 18.4  91854  89073  94635                                        San Joaquin County                            CA est24-ca.txt 07JAN2026
06  79    33720    29864    37576 12.6 11.2 14.0     5420     4130     6710 11.4  8.7 14.1     3811     2793     4829 10.7  7.8 13.6  99646  96532 102760                                        San Luis Obispo County                        CA est24-ca.txt 07JAN2026
06  81    52678    46423    58933  7.2  6.4  8.0    10026     7850    12202  7.3  5.7  8.9     6789     5052     8526  6.7  5.0  8.4 158569 153226 163912                                        San Mateo County                              CA est24-ca.txt 07JAN2026
06  83    66968    61328    72608 15.7 14.4 17.0    18316    15655    20977 19.1 16.3 21.9    12153    10284    14022 17.4 14.7 20.1  94572  91031  98113                                        Santa Barbara County                          CA est24-ca.txt 07JAN2026
06  85   133555   122574   144536  7.1  6.5  7.7    24627    20063    29191  6.7  5.5  7.9    18391    15152    21630  6.7  5.5  7.9 166984 163157 170811                                        Santa Clara County                            CA est24-ca.txt 07JAN2026
06  87    30049    25692    34406 11.9 10.2 13.6     5873     4411     7335 13.0  9.8 16.2     4334     3187     5481 12.7  9.4 16.0 105437 100201 110673                                        Santa Cruz County                             CA est24-ca.txt 07JAN2026
06  89    26118    22418    29818 14.6 12.5 16.7     6256     4622     7890 16.7 12.3 21.1     4126     2680     5572 14.5  9.4 19.6  70620  67814  73426                                        Shasta County                                 CA est24-ca.txt 07JAN2026
06  91      414      310      518 13.5 10.1 16.9       74       50       98 16.1 10.9 21.3       54       34       74 14.7  9.3 20.1  69104  60809  77399                                        Sierra County                                 CA est24-ca.txt 07JAN2026
06  93     7279     6095     8463 17.3 14.5 20.1     1918     1465     2371 23.8 18.2 29.4     1277      885     1669 20.3 14.1 26.5  60432  55887  64977                                        Siskiyou County                               CA est24-ca.txt 07JAN2026
06  95    44974    39112    50836 10.1  8.8 11.4    11447     9185    13709 11.9  9.5 14.3     8054     6296     9812 11.2  8.7 13.7  94968  90216  99720                                        Solano County                                 CA est24-ca.txt 07JAN2026
06  97    40444    34769    46119  8.4  7.2  9.6     7544     5330     9758  8.6  6.1 11.1     5267     3524     7010  8.0  5.3 10.7 105956 101894 110018                                        Sonoma County                                 CA est24-ca.txt 07JAN2026
06  99    78101    68974    87228 14.2 12.5 15.9    25611    21250    29972 18.0 14.9 21.1    19593    16377    22809 18.3 15.3 21.3  77812  74089  81535                                        Stanislaus County                             CA est24-ca.txt 07JAN2026
06 101    12278     9825    14731 12.6 10.1 15.1     3716     2506     4926 15.6 10.5 20.7     2675     1699     3651 15.1  9.6 20.6  74183  66907  81459                                        Sutter County                                 CA est24-ca.txt 07JAN2026
06 103    11598     9792    13404 18.2 15.4 21.0     3677     2874     4480 24.4 19.1 29.7     2413     1741     3085 21.4 15.5 27.3  62822  56448  69196                                        Tehama County                                 CA est24-ca.txt 07JAN2026
06 105     3565     2726     4404 23.0 17.6 28.4      857      570     1144 32.8 21.8 43.8      628      399      857 30.6 19.4 41.8  50481  44421  56541                                        Trinity County                                CA est24-ca.txt 07JAN2026
06 107    95612    87932   103292 19.9 18.3 21.5    37928    33673    42183 27.5 24.4 30.6    27513    24358    30668 26.4 23.4 29.4  68907  65918  71896                                        Tulare County                                 CA est24-ca.txt 07JAN2026
06 109     6482     5182     7782 12.7 10.2 15.2     1327      913     1741 14.7 10.1 19.3      970      644     1296 14.3  9.5 19.1  78639  72034  85244                                        Tuolumne County                               CA est24-ca.txt 07JAN2026
06 111    78310    69401    87219  9.5  8.4 10.6    21071    17310    24832 12.2 10.0 14.4    15617    12734    18500 12.0  9.8 14.2 112872 109324 116420                                        Ventura County                                CA est24-ca.txt 07JAN2026
06 113    37007    33914    40100 17.4 15.9 18.9     5067     3799     6335 11.9  8.9 14.9     3686     2670     4702 11.2  8.1 14.3  87386  81296  93476                                        Yolo County                                   CA est24-ca.txt 07JAN2026
06 115    11661     8936    14386 13.5 10.3 16.7     4199     2889     5509 18.0 12.4 23.6     3099     2043     4155 18.3 12.1 24.5  74273  69051  79495                                        Yuba County                                   CA est24-ca.txt 07JAN2026
